x=10
y=17
z =x+y

t=[1 3 5]


m=[1 3 5; 7 9 13]

 